0.000000000000000000e+00 -3.185390090942382812e+01 0.000000000000000000e+00 7.293520355224609375e+01 2.032840013504028320e+00 3.587850189208984375e+01
1.000000000000000000e+00 -4.037739944458007812e+01 0.000000000000000000e+00 3.403330078125000000e+02 3.920150041580200195e+00 8.681629943847656250e+01
2.000000000000000000e+00 -3.837950134277343750e+01 0.000000000000000000e+00 2.533399963378906250e+02 3.715039968490600586e+00 6.819309997558593750e+01
3.000000000000000000e+00 -4.410739898681640625e+01 0.000000000000000000e+00 3.558949890136718750e+02 4.116399765014648438e+00 8.645790100097656250e+01
4.000000000000000000e+00 -3.893700027465820312e+01 0.000000000000000000e+00 3.263999938964843750e+02 4.020269870758056641e+00 8.118859863281250000e+01
5.000000000000000000e+00 -4.009370040893554688e+01 0.000000000000000000e+00 3.371600036621093750e+02 3.994839906692504883e+00 8.439880371093750000e+01
6.000000000000000000e+00 -4.038380050659179688e+01 0.000000000000000000e+00 3.647179870605468750e+02 4.073019981384277344e+00 8.954489898681640625e+01
7.000000000000000000e+00 -4.573880004882812500e+01 0.000000000000000000e+00 2.197649902343750000e+03 8.565930366516113281e+00 2.565570068359375000e+02
8.000000000000000000e+00 -4.617919921875000000e+01 0.000000000000000000e+00 3.752999877929687500e+02 4.786590099334716797e+00 7.840650177001953125e+01
9.000000000000000000e+00 -4.585570144653320312e+01 0.000000000000000000e+00 3.801929931640625000e+02 4.838970184326171875e+00 7.856900024414062500e+01
1.000000000000000000e+01 -4.475090026855468750e+01 0.000000000000000000e+00 3.142430114746093750e+02 4.380189895629882812e+00 7.174189758300781250e+01
1.100000000000000000e+01 -4.542900085449218750e+01 0.000000000000000000e+00 3.251560058593750000e+02 4.469299793243408203e+00 7.275319671630859375e+01
1.200000000000000000e+01 -3.963280105590820312e+01 0.000000000000000000e+00 3.662560119628906250e+02 4.117380142211914062e+00 8.895359802246093750e+01
1.300000000000000000e+01 -3.957419967651367188e+01 0.000000000000000000e+00 3.448869934082031250e+02 4.169079780578613281e+00 8.272499847412109375e+01
1.400000000000000000e+01 -3.933969879150390625e+01 0.000000000000000000e+00 3.296300048828125000e+02 3.960730075836181641e+00 8.322450256347656250e+01
1.500000000000000000e+01 -3.978509902954101562e+01 0.000000000000000000e+00 4.048619995117187500e+02 4.469049930572509766e+00 9.059249877929687500e+01
1.600000000000000000e+01 -3.876829910278320312e+01 0.000000000000000000e+00 3.308819885253906250e+02 3.900249958038330078e+00 8.483609771728515625e+01
1.700000000000000000e+01 -3.888679885864257812e+01 0.000000000000000000e+00 3.831279907226562500e+02 4.312640190124511719e+00 8.883840179443359375e+01
1.800000000000000000e+01 -3.992900085449218750e+01 0.000000000000000000e+00 3.555230102539062500e+02 4.242990016937255859e+00 8.379070281982421875e+01
1.900000000000000000e+01 -4.086330032348632812e+01 0.000000000000000000e+00 3.562319946289062500e+02 4.091899871826171875e+00 8.705780029296875000e+01
2.000000000000000000e+01 -4.013460159301757812e+01 0.000000000000000000e+00 1.777010040283203125e+02 3.086250066757202148e+00 5.757820129394531250e+01
2.100000000000000000e+01 -4.239139938354492188e+01 0.000000000000000000e+00 4.168219909667968750e+02 4.569459915161132812e+00 9.121900177001953125e+01
2.200000000000000000e+01 -3.855810165405273438e+01 0.000000000000000000e+00 4.233250122070312500e+02 4.598320007324218750e+00 9.206069946289062500e+01
2.300000000000000000e+01 -4.703189849853515625e+01 0.000000000000000000e+00 1.690579986572265625e+02 3.223910093307495117e+00 5.243880081176757812e+01
2.400000000000000000e+01 -4.097969818115234375e+01 0.000000000000000000e+00 4.749609985351562500e+02 4.948299884796142578e+00 9.598459625244140625e+01
2.500000000000000000e+01 -4.797560119628906250e+01 0.000000000000000000e+00 3.366510009765625000e+02 4.512000083923339844e+00 7.461229705810546875e+01
2.600000000000000000e+01 -4.666989898681640625e+01 0.000000000000000000e+00 2.897820129394531250e+02 4.189390182495117188e+00 6.917040252685546875e+01
2.700000000000000000e+01 -4.752090072631835938e+01 0.000000000000000000e+00 4.928070068359375000e+02 5.369629859924316406e+00 9.177670288085937500e+01
2.800000000000000000e+01 -4.607619857788085938e+01 0.000000000000000000e+00 2.692950134277343750e+02 4.015389919281005859e+00 6.706569671630859375e+01
2.900000000000000000e+01 -4.593889999389648438e+01 0.000000000000000000e+00 2.811820068359375000e+02 4.131959915161132812e+00 6.805059814453125000e+01
3.000000000000000000e+01 -4.760570144653320312e+01 0.000000000000000000e+00 3.335509948730468750e+02 4.484650135040283203e+00 7.437619781494140625e+01
3.100000000000000000e+01 -4.567259979248046875e+01 0.000000000000000000e+00 3.717369995117187500e+02 4.792029857635498047e+00 7.757399749755859375e+01
3.200000000000000000e+01 -4.038990020751953125e+01 0.000000000000000000e+00 3.394830017089843750e+02 3.944139957427978516e+00 8.607270050048828125e+01
3.300000000000000000e+01 -3.849280166625976562e+01 0.000000000000000000e+00 3.324079895019531250e+02 3.973659992218017578e+00 8.365290069580078125e+01
3.400000000000000000e+01 -3.949100112915039062e+01 0.000000000000000000e+00 3.666830139160156250e+02 4.212520122528076172e+00 8.704589843750000000e+01
3.500000000000000000e+01 -4.156039810180664062e+01 0.000000000000000000e+00 3.569970092773437500e+02 4.094970226287841797e+00 8.717929840087890625e+01
3.600000000000000000e+01 -3.944350051879882812e+01 0.000000000000000000e+00 3.848309936523437500e+02 4.292880058288574219e+00 8.964399719238281250e+01
3.700000000000000000e+01 -4.079489898681640625e+01 0.000000000000000000e+00 3.374800109863281250e+02 3.946650028228759766e+00 8.551049804687500000e+01
3.800000000000000000e+01 -3.944789886474609375e+01 0.000000000000000000e+00 1.812220001220703125e+02 3.315870046615600586e+00 5.465290069580078125e+01
3.900000000000000000e+01 -4.733069992065429688e+01 0.000000000000000000e+00 2.319219970703125000e+03 8.746859550476074219e+00 2.651489868164062500e+02
4.000000000000000000e+01 -4.768199920654296875e+01 0.000000000000000000e+00 1.175339965820312500e+03 5.775629997253417969e+00 2.035000000000000000e+02
4.100000000000000000e+01 -4.698690032958984375e+01 0.000000000000000000e+00 3.666560058593750000e+02 4.749330043792724609e+00 7.720159912109375000e+01
4.200000000000000000e+01 -3.962429809570312500e+01 0.000000000000000000e+00 4.181770019531250000e+02 4.613689899444580078e+00 9.063829803466796875e+01
4.300000000000000000e+01 -4.174020004272460938e+01 0.000000000000000000e+00 4.345209960937500000e+02 4.708670139312744141e+00 9.228109741210937500e+01
4.400000000000000000e+01 1.261010020971298218e-01 0.000000000000000000e+00 6.802880249023437500e+02 5.334589958190917969e+00 1.275240020751953125e+02
4.500000000000000000e+01 -3.953680038452148438e+01 0.000000000000000000e+00 3.542909851074218750e+02 4.295350074768066406e+00 8.248249816894531250e+01
4.600000000000000000e+01 -4.022610092163085938e+01 0.000000000000000000e+00 3.656940002441406250e+02 4.020420074462890625e+00 9.095919799804687500e+01
4.700000000000000000e+01 -3.950510025024414062e+01 0.000000000000000000e+00 1.818329925537109375e+02 3.327640056610107422e+00 5.464329910278320312e+01
4.800000000000000000e+01 -4.726940155029296875e+01 0.000000000000000000e+00 2.179770019531250000e+03 6.345449924468994141e+00 3.435169982910156250e+02
4.900000000000000000e+01 -4.541479873657226562e+01 0.000000000000000000e+00 3.914020080566406250e+02 4.895979881286621094e+00 7.994360351562500000e+01
5.000000000000000000e+01 -4.766120147705078125e+01 0.000000000000000000e+00 3.623429870605468750e+02 4.719299793243408203e+00 7.677899932861328125e+01
5.100000000000000000e+01 -4.731620025634765625e+01 0.000000000000000000e+00 3.799880065917968750e+02 4.827579975128173828e+00 7.871189880371093750e+01
5.200000000000000000e+01 -4.562469863891601562e+01 0.000000000000000000e+00 7.267420043945312500e+02 5.841320037841796875e+00 1.244140014648437500e+02
5.300000000000000000e+01 -4.795510101318359375e+01 0.000000000000000000e+00 3.265910034179687500e+02 4.488770008087158203e+00 7.275730133056640625e+01
5.400000000000000000e+01 -4.830329895019531250e+01 0.000000000000000000e+00 5.886359863281250000e+02 5.694900035858154297e+00 1.033619995117187500e+02
5.500000000000000000e+01 -4.548830032348632812e+01 0.000000000000000000e+00 2.677070007324218750e+02 3.993360042572021484e+00 6.703810119628906250e+01
5.600000000000000000e+01 -4.709109878540039062e+01 0.000000000000000000e+00 3.207900085449218750e+02 4.405029773712158203e+00 7.282360076904296875e+01
5.700000000000000000e+01 -4.757960128784179688e+01 0.000000000000000000e+00 2.928739929199218750e+02 4.203710079193115234e+00 6.967030334472656250e+01
5.800000000000000000e+01 -4.715039825439453125e+01 0.000000000000000000e+00 1.274839965820312500e+03 6.813499927520751953e+00 1.871049957275390625e+02
5.900000000000000000e+01 -4.759220123291015625e+01 0.000000000000000000e+00 3.255920104980468750e+02 4.431019783020019531e+00 7.348020172119140625e+01
6.000000000000000000e+01 -4.671979904174804688e+01 0.000000000000000000e+00 3.122090148925781250e+02 4.353970050811767578e+00 7.170670318603515625e+01
6.100000000000000000e+01 -4.869260025024414062e+01 0.000000000000000000e+00 2.955050048828125000e+02 4.249549865722656250e+00 6.953800201416015625e+01
6.200000000000000000e+01 4.309939956665039062e+01 0.000000000000000000e+00 3.012409973144531250e+02 4.102960109710693359e+00 7.342040252685546875e+01
6.300000000000000000e+01 -4.906589889526367188e+01 0.000000000000000000e+00 2.647850036621093750e+02 4.054679870605468750e+00 6.530349731445312500e+01
6.400000000000000000e+01 -4.721129989624023438e+01 0.000000000000000000e+00 5.370939941406250000e+02 5.324560165405273438e+00 1.008710021972656250e+02
6.500000000000000000e+01 -4.788779830932617188e+01 0.000000000000000000e+00 1.044650024414062500e+03 7.897739887237548828e+00 1.322720031738281250e+02
6.600000000000000000e+01 -4.943619918823242188e+01 0.000000000000000000e+00 3.855879974365234375e+01 1.550809979438781738e+00 2.486370086669921875e+01
6.700000000000000000e+01 -4.720259857177734375e+01 0.000000000000000000e+00 1.983820037841796875e+02 3.519180059432983398e+00 5.637170028686523438e+01
6.800000000000000000e+01 -4.263470077514648438e+01 0.000000000000000000e+00 9.360419921875000000e+02 5.957950115203857422e+00 1.571080017089843750e+02
6.900000000000000000e+01 -5.050880050659179688e+01 0.000000000000000000e+00 1.328560028076171875e+02 2.732000112533569336e+00 4.862950134277343750e+01
7.000000000000000000e+01 1.261720061302185059e-01 0.000000000000000000e+00 5.519869995117187500e+01 1.629019975662231445e+00 3.388470077514648438e+01
7.100000000000000000e+01 -4.050450134277343750e+01 0.000000000000000000e+00 4.488139953613281250e+02 4.878980159759521484e+00 9.198930358886718750e+01
7.200000000000000000e+01 -4.701470184326171875e+01 0.000000000000000000e+00 3.686839904785156250e+02 4.755070209503173828e+00 7.753489685058593750e+01
7.300000000000000000e+01 -4.843040084838867188e+01 0.000000000000000000e+00 3.634819946289062500e+02 4.709959983825683594e+00 7.717310333251953125e+01
7.400000000000000000e+01 -4.642950057983398438e+01 0.000000000000000000e+00 6.173380126953125000e+02 5.780910015106201172e+00 1.067890014648437500e+02
7.500000000000000000e+01 -4.725559997558593750e+01 0.000000000000000000e+00 4.978470214843750000e+03 6.739389896392822266e+00 7.387119750976562500e+02
7.600000000000000000e+01 -4.766529846191406250e+01 0.000000000000000000e+00 3.491510009765625000e+02 4.613399982452392578e+00 7.568190002441406250e+01
7.700000000000000000e+01 -4.623609924316406250e+01 0.000000000000000000e+00 2.564429931640625000e+02 3.878479957580566406e+00 6.611949920654296875e+01
7.800000000000000000e+01 -4.703129959106445312e+01 0.000000000000000000e+00 3.507560119628906250e+02 4.647419929504394531e+00 7.547319793701171875e+01
7.900000000000000000e+01 -4.620109939575195312e+01 0.000000000000000000e+00 8.306929931640625000e+02 6.726640224456787109e+00 1.234929962158203125e+02
8.000000000000000000e+01 -8.987400054931640625e+01 0.000000000000000000e+00 1.613960075378417969e+01 8.313850164413452148e-01 1.941290092468261719e+01
8.100000000000000000e+01 -4.684600067138671875e+01 0.000000000000000000e+00 2.739150085449218750e+02 4.038640022277832031e+00 6.782350158691406250e+01
8.200000000000000000e+01 -4.718439865112304688e+01 0.000000000000000000e+00 3.020799865722656250e+02 4.285389900207519531e+00 7.049060058593750000e+01
8.300000000000000000e+01 -4.840430068969726562e+01 0.000000000000000000e+00 3.078890075683593750e+02 2.794339895248413086e+00 1.101829986572265625e+02
8.400000000000000000e+01 -4.190779876708984375e+01 0.000000000000000000e+00 3.421130065917968750e+02 4.103089809417724609e+00 8.337940216064453125e+01
8.500000000000000000e+01 -3.964459991455078125e+01 0.000000000000000000e+00 4.621539916992187500e+02 4.874569892883300781e+00 9.480919647216796875e+01
8.600000000000000000e+01 -4.156209945678710938e+01 0.000000000000000000e+00 2.066479949951171875e+02 3.216399908065795898e+00 6.424829864501953125e+01
8.700000000000000000e+01 -4.588610076904296875e+01 0.000000000000000000e+00 3.779689941406250000e+02 4.825039863586425781e+00 7.833489990234375000e+01
8.800000000000000000e+01 4.140459823608398438e+01 0.000000000000000000e+00 1.407939941406250000e+03 7.940559864044189453e+00 1.773099975585937500e+02
8.900000000000000000e+01 -4.053509902954101562e+01 0.000000000000000000e+00 3.761700134277343750e+02 4.240809917449951172e+00 8.870230102539062500e+01
9.000000000000000000e+01 -4.036180114746093750e+01 0.000000000000000000e+00 5.221890258789062500e+02 4.874899864196777344e+00 1.071179962158203125e+02
9.100000000000000000e+01 4.959239959716796875e+01 0.000000000000000000e+00 1.207030029296875000e+03 7.031839847564697266e+00 1.716519927978515625e+02
9.200000000000000000e+01 -4.571839904785156250e+01 0.000000000000000000e+00 3.055360107421875000e+02 4.330619812011718750e+00 7.055249786376953125e+01
9.300000000000000000e+01 -4.579679870605468750e+01 0.000000000000000000e+00 3.466849975585937500e+02 4.620190143585205078e+00 7.503700256347656250e+01
9.400000000000000000e+01 -4.616220092773437500e+01 0.000000000000000000e+00 6.985440063476562500e+02 5.691160202026367188e+00 1.227419967651367188e+02
9.500000000000000000e+01 -4.996730041503906250e+01 0.000000000000000000e+00 2.791640014648437500e+02 4.101510047912597656e+00 6.806369781494140625e+01
9.600000000000000000e+01 -5.125579833984375000e+01 0.000000000000000000e+00 2.823059997558593750e+02 4.104450225830078125e+00 6.878040313720703125e+01
9.700000000000000000e+01 -4.955160140991210938e+01 0.000000000000000000e+00 1.390890014648437500e+03 6.173530101776123047e+00 2.252989959716796875e+02
9.800000000000000000e+01 -4.603670120239257812e+01 0.000000000000000000e+00 3.593739929199218750e+02 4.689469814300537109e+00 7.663420104980468750e+01
9.900000000000000000e+01 -4.555820083618164062e+01 0.000000000000000000e+00 3.908900146484375000e+02 4.894070148468017578e+00 7.987010192871093750e+01
1.000000000000000000e+02 -4.724520111083984375e+01 0.000000000000000000e+00 5.905919799804687500e+02 5.683690071105957031e+00 1.039100036621093750e+02
1.010000000000000000e+02 -4.702050018310546875e+01 0.000000000000000000e+00 1.174680053710937500e+03 6.375810146331787109e+00 1.842400054931640625e+02
1.020000000000000000e+02 -4.752429962158203125e+01 0.000000000000000000e+00 3.382040100097656250e+02 4.564320087432861328e+00 7.409739685058593750e+01
1.030000000000000000e+02 -4.735509872436523438e+01 0.000000000000000000e+00 3.614679870605468750e+02 4.711369991302490234e+00 7.672250366210937500e+01
1.040000000000000000e+02 -4.613719940185546875e+01 0.000000000000000000e+00 3.725069885253906250e+02 4.792650222778320312e+00 7.772460174560546875e+01
1.050000000000000000e+02 -4.779539871215820312e+01 0.000000000000000000e+00 3.156040039062500000e+02 4.361710071563720703e+00 7.235780334472656250e+01
1.060000000000000000e+02 -4.819850158691406250e+01 0.000000000000000000e+00 3.340480041503906250e+02 4.488629817962646484e+00 7.442099761962890625e+01
1.070000000000000000e+02 -4.680339813232421875e+01 0.000000000000000000e+00 3.028729858398437500e+02 4.285280227661132812e+00 7.067749786376953125e+01
1.080000000000000000e+02 -4.621620178222656250e+01 0.000000000000000000e+00 3.164710083007812500e+02 4.385890007019042969e+00 7.215660095214843750e+01
1.090000000000000000e+02 5.152980041503906250e+01 0.000000000000000000e+00 5.850939941406250000e+02 4.764880180358886719e+00 1.227929992675781250e+02
1.100000000000000000e+02 -8.987380218505859375e+01 0.000000000000000000e+00 9.010320281982421875e+01 2.088599920272827148e+00 4.314049911499023438e+01
1.110000000000000000e+02 -4.784640121459960938e+01 0.000000000000000000e+00 1.014080017089843750e+03 7.661590099334716797e+00 1.323589935302734375e+02
1.120000000000000000e+02 4.279840087890625000e+01 0.000000000000000000e+00 1.727859954833984375e+02 3.284100055694580078e+00 5.261289978027343750e+01
1.130000000000000000e+02 4.212480163574218750e+01 0.000000000000000000e+00 1.068979980468750000e+03 6.941430091857910156e+00 1.540000000000000000e+02
1.140000000000000000e+02 6.154980087280273438e+01 0.000000000000000000e+00 8.960520172119140625e+01 2.334759950637817383e+00 3.837870025634765625e+01
1.150000000000000000e+02 -4.725730133056640625e+01 0.000000000000000000e+00 1.893399963378906250e+02 3.359009981155395508e+00 5.636780166625976562e+01
1.160000000000000000e+02 -3.732479858398437500e+01 0.000000000000000000e+00 3.017229980468750000e+03 1.300100040435791016e+01 2.320760040283203125e+02
1.170000000000000000e+02 4.209939956665039062e+01 0.000000000000000000e+00 3.594060058593750000e+02 4.491889953613281250e+00 8.001219940185546875e+01
1.180000000000000000e+02 -4.720009994506835938e+01 0.000000000000000000e+00 4.335920104980468750e+02 4.782529830932617188e+00 9.066159820556640625e+01
1.190000000000000000e+02 1.262100040912628174e-01 0.000000000000000000e+00 1.354329967498779297e+01 7.161449790000915527e-01 1.891139984130859375e+01
1.200000000000000000e+02 5.922600173950195312e+01 0.000000000000000000e+00 1.001780014038085938e+02 2.221450090408325195e+00 4.509579849243164062e+01
1.210000000000000000e+02 -4.624760055541992188e+01 0.000000000000000000e+00 3.881770019531250000e+02 4.884860038757324219e+00 7.946530151367187500e+01
1.220000000000000000e+02 -4.777619934082031250e+01 0.000000000000000000e+00 7.668010253906250000e+02 6.472589969635009766e+00 1.184690017700195312e+02
1.230000000000000000e+02 1.261489987373352051e-01 0.000000000000000000e+00 2.725660095214843750e+02 3.473839998245239258e+00 7.846240234375000000e+01
1.240000000000000000e+02 -4.789690017700195312e+01 0.000000000000000000e+00 8.013389892578125000e+02 6.552350044250488281e+00 1.222979965209960938e+02
1.250000000000000000e+02 5.863850021362304688e+01 0.000000000000000000e+00 8.384079742431640625e+01 2.093209981918334961e+00 4.005360031127929688e+01
1.260000000000000000e+02 4.155410003662109375e+01 0.000000000000000000e+00 1.020869979858398438e+02 1.926789999008178711e+00 5.298300170898437500e+01
1.270000000000000000e+02 -4.774750137329101562e+01 0.000000000000000000e+00 1.431219970703125000e+03 7.703100204467773438e+00 1.857980041503906250e+02
1.280000000000000000e+02 -4.739300155639648438e+01 0.000000000000000000e+00 2.836170043945312500e+02 4.162340164184570312e+00 6.813890075683593750e+01
1.290000000000000000e+02 -3.978509902954101562e+01 0.000000000000000000e+00 4.357369995117187500e+02 4.632969856262207031e+00 9.405130004882812500e+01
1.300000000000000000e+02 -4.046099853515625000e+01 0.000000000000000000e+00 4.626279907226562500e+02 4.281809806823730469e+00 1.080449981689453125e+02
1.310000000000000000e+02 -4.129840087890625000e+01 0.000000000000000000e+00 3.428959960937500000e+02 3.923540115356445312e+00 8.739459991455078125e+01
1.320000000000000000e+02 -4.026990127563476562e+01 0.000000000000000000e+00 1.852649993896484375e+02 3.362329959869384766e+00 5.510010147094726562e+01
1.330000000000000000e+02 -4.770830154418945312e+01 0.000000000000000000e+00 3.827489929199218750e+02 4.829010009765625000e+00 7.926029968261718750e+01
1.340000000000000000e+02 -4.655319976806640625e+01 0.000000000000000000e+00 3.312380065917968750e+02 4.491829872131347656e+00 7.374240112304687500e+01
1.350000000000000000e+02 -4.669369888305664062e+01 0.000000000000000000e+00 1.860200042724609375e+02 3.369040012359619141e+00 5.521450042724609375e+01
1.360000000000000000e+02 -4.133560180664062500e+01 0.000000000000000000e+00 1.774799957275390625e+02 3.311729907989501953e+00 5.359130096435546875e+01
1.370000000000000000e+02 -4.701250076293945312e+01 0.000000000000000000e+00 2.429850006103515625e+02 3.749370098114013672e+00 6.480690002441406250e+01
1.380000000000000000e+02 -4.539300155639648438e+01 0.000000000000000000e+00 3.819549865722656250e+02 4.862810134887695312e+00 7.854620361328125000e+01
1.390000000000000000e+02 -4.790700149536132812e+01 0.000000000000000000e+00 8.023150024414062500e+02 6.561669826507568359e+00 1.222730026245117188e+02
1.400000000000000000e+02 -4.801060104370117188e+01 0.000000000000000000e+00 7.936489868164062500e+02 6.525060176849365234e+00 1.216309967041015625e+02
1.410000000000000000e+02 5.226219940185546875e+01 0.000000000000000000e+00 8.669650268554687500e+02 4.289000034332275391e+00 2.021369934082031250e+02
1.420000000000000000e+02 -4.655459976196289062e+01 0.000000000000000000e+00 1.647640014648437500e+03 9.255570411682128906e+00 1.780160064697265625e+02
1.430000000000000000e+02 -4.757880020141601562e+01 0.000000000000000000e+00 2.764429931640625000e+02 4.088349819183349609e+00 6.761730194091796875e+01
1.440000000000000000e+02 5.436439895629882812e+01 0.000000000000000000e+00 1.241179962158203125e+02 2.595690011978149414e+00 4.781700134277343750e+01
1.450000000000000000e+02 4.135179901123046875e+01 0.000000000000000000e+00 7.863109741210937500e+02 5.696169853210449219e+00 1.380420074462890625e+02
1.460000000000000000e+02 -4.617860031127929688e+01 0.000000000000000000e+00 5.012109985351562500e+02 5.310009956359863281e+00 9.438980102539062500e+01
1.470000000000000000e+02 -2.633550071716308594e+01 0.000000000000000000e+00 4.162619934082031250e+02 4.678209781646728516e+00 8.897889709472656250e+01
1.480000000000000000e+02 -4.756010055541992188e+01 0.000000000000000000e+00 2.484960021972656250e+02 3.816910028457641602e+00 6.510389709472656250e+01
1.490000000000000000e+02 -4.287099838256835938e+01 0.000000000000000000e+00 1.205250000000000000e+03 7.516930103302001953e+00 1.603379974365234375e+02
1.500000000000000000e+02 -4.774300003051757812e+01 0.000000000000000000e+00 7.434810180664062500e+02 5.885369777679443359e+00 1.263270034790039062e+02
1.510000000000000000e+02 -4.751969909667968750e+01 0.000000000000000000e+00 6.141779785156250000e+02 5.844860076904296875e+00 1.050800018310546875e+02
1.520000000000000000e+02 -4.755469894409179688e+01 0.000000000000000000e+00 1.251920043945312500e+03 7.249979972839355469e+00 1.726790008544921875e+02
